--- BOOTSTRAP for OLS --- 
MSE: 0.0020155819977899767 
R2: 0.9731812491581328 
Bias: 0.0018451398447609465 
Variance: 0.00017044215302902975 
