--- BOOTSTRAP for OLS --- 
MSE: 0.003367441841490646 
R2: 0.9603193195078468 
Bias: 0.00321426199639861 
Variance: 0.00015317984509203236 
